[1.jpg]
filters=dir_tint=1,0.534031,1.017682,0.432749,0.309942,ffbba6a2,0;dir_tint=1,0.420157,1.017682,0.250000,0.485380,ffbee8ff,0;
moddate=608ab01db18bd101
width=1800
height=1200
textactive=0
